7991
6356
8877
6776
6090
7173
6888
6564
6951
7221
7203
6933
6781
6298
7235
6752
9407
9002
7230
6941
8734
7227
6942
7217
6937
7283
7271
6952
9279
9401
8994
7244
7246
6630
6093
7161
7172
9061
7156
7288
8296
8000
7273
8703
9106
8830
9920
8475
8543
6703
6705
7281
7220
7255
7256
6939
7305
9651
6982
8158
7197
6927
8332
6959
7219
9441
6578
8909
7247
6928
7226
7275
9868
7236
9063
8175
9702
6334
6932
7293
9442
7231
7297
7299
6645
6934
7240
6998
6363
7259
9606
6980
6948
9440
8329
7917
6979
6712
6955
7213
7268
7248
6149
7157
8776
9168
8323
9773
7320
8301
7269
6344
9086
6593
8664
8831
7242
7129
6983
9310
7241
9655
7277
7325
9434
6253
7616
7921
6945
7381
9761
6971
9010
8302
7378
6818
7263
6150
9049
6284
7304
6940
7301
7309
7465
6957
7290
7697
9882
7899
8897
6400
7251
9601
6984
8180
8038
7237
9119
7257
7321
9550
8698
9237
6167
7142
9007
8907
8272
7261
6943
8972
8760
8892
6041
7252
7274
7312
9067
7314
7114
8969
7440
8473
8581
7093
7324
7223
7224
7064
6974
7279
6962
7258
8368
7540
9055
7315
8596
6772
9062
8890
6345
7925
7245
7922
6087
7284
7222
6331
6494
6639
7911
8903
7308
7280
7109
7924
6938
6976
7023
7547
7115
7229
6831
9822
7287
6953
7916
7074
6636
7907
9337
6098
9306
6252
6393
7234
7982
9783
7407
6652
7272
7265
6068
6155
9194
9060
7328
7462
9205
6994
9331
7136
7249
8931
8036
9170
7007
6684
6790
8579
6935
6483
8902
8416
8584
9713
9643
7919
7382
9393
7851
6626
6965
7872
7659
7253
6618
7906
6201
8978
7609
7111
7285
8547
8908
8938
6270
8733
6069
6189
8039
9755
7069
9009
9382
8811
7030
7933
9480
7914
7935
6160
8700
9313
9047
6135
8880
9786
7711
9820
7302
9790
8945
8791
7105
9164
8104
8899
9335
7414
7124
7233
8912
6704
6057
8308
9479
8979
9439
8654
6777
8220
8649
8178
8285
7216
7232
7000
9069
7969
9476
8889
9253
7270
6961
6978
7267
9470
9900
8916
7903
7317
9443
9714
8166
7669
7202
6949
9196
6081
8944
7291
7200
9780
9652
8704
8923
7861
7266
8465
6534
7104
6493
7260
9278
8763
7778
7087
8955
9120
7201
9707
7928
8642
7368
7313
7102
7310
6969
7801
7121
7322
8919
7051
6972
8620
7264
7186
6566
9626
7572
6956
9034
7763
7992
7122
9334
7212
7932
6635
6842
7733
8843
6944
7429
8942
6261
8782
9068
7187
7918
9578
9107
7767
9723
8261
9154
8819
9922
7294
9709
6076
9124
7278
8658
7286
7770
9887
7243
6303
7807
7295
7209
9173
8537
7926
9489
8452
6476
6594
8281
8820
9289
7360
6809
6592
9609
7303
8042
6346
9319
9700
6960
6072
9515
9447
6328
8043
8155
7175
9252
9354
9144
7803
9852
6615
9579
9494
9628
7018
9453
6552
8240
9322
8571
9336
7063
8174
8275
9653
6936
7623
8636
6465
8370
8590
7895
7096
9523
9807
7128
8632
9332
8693
8701
7436
8688
9388
7747
8148
8991
6162
7120
8257
6627
9423
8896
6140
9640
8815
9301
8483
6361
6931
8514
8920
8290
7056
9493
9132
9511
7323
7394
8583
8439
9517
7364
6868
6664
8717
6950
9218
8904
6545
6074
6357
8324
8680
9843
7972
8891
6512
8331
8921
6590
9380
9396
6921
8893
8169
8541
7437
6890
9428
9039
7636
7516
6746
7940
7638
6975
6632
6854
8040
7934
9881
7354
8941
7897
6046
8466
8634
7298
9351
6401
6215
9524
7002
7163
8974
8460
8111
8552
8835
7101
7250
6378
9765
9314
8665
9300
9830
6285
9143
7430
6929
9051
9377
9066
7677
6352
7099
8769
6164
9477
8327
7466
6336
6301
8176
7208
9033
9016
9261
7658
8109
9896
6371
9040
7920
6631
8616
9064
9076
9711
6605
9172
8935
8110
8367
7644
6122
8184
6300
8582
7726
8767
9581
8971
7885
9182
9647
9032
9150
9841
9368
7296
7908
9243
7537
6571
6120
7912
7103
8844
8102
8305
9011
8132
6737
8711
7910
9333
6254
9520
9070
9705
7282
6410
6540
9542
9041
6572
7816
6575
9131
7893
6511
6477
9268
6883
8099
7873
7843
8330
9471
8284
8210
7737
6586
9649
9842
6896
7509
8729
7426
7882
7326
9594
7886
7238
6080
9046
7374
6958
8050
6051
9627
8474
9338
8953
6715
8943
7594
6382
9387
6861
7077
8052
9760
9519
6374
7673
8414
8862
8267
7480
7786
9557
8161
7632
8645
9028
9325
9277
8170
7731
6173
7451
7164
6169
7377
9508
7929
7292
6113
7675
7565
7884
7204
7936
7679
8282
6625
9311
9282
8484
9725
9521
9718
9650
7913
6238
9140
8260
7205
8048
9488
8295
8557
9378
9147
9356
7306
7385
9122
9823
9625
6834
9077
7150
7404
7927
9708
9787
9213
9044
8274
7584
8924
6966
8319
9329
8824
6576
6947
7678
9283
6633
9000
8796
8314
8641
7548
7413
6926
7342
6599
6359
7110
8373
7668
7634
9109
8147
6056
6188
9343
7817
6517
8672
6973
8566
9043
6568
9228
8918
8783
9037
9502
6916
6823
6178
7805
9136
9573
6908
7902
8410
6789
9098
7337
9267
7823
6713
9385
6660
7814
7887
9249
7776
7483
9029
8881
6744
9619
6733
7050
7094
6347
9419
9923
8785
6754
7412
7990
8211
9585
9498
8041
9415
7199
6995
8053
6760
7845
8128
9072
9719
8748
9019
8697
9504
8876
9642
7573
9232
8565
8363
8256
6229
9696
9369
8678
8894
6133
6287
9903
9466
6977
6386
6070
7300
9358
7909
6394
7688
9006
9420
8626
7954
7416
8248
7722
8089
6117
7095
8047
7724
6765
8592
8802
8116
7580
9024
6338
8915
9482
7149
8215
6233
9919
7568
7389
7014
9204
6441
9907
6136
9484
7179
7901
9238
6880
6658
6876
8097
9891
7119
6734
8081
6970
7196
9224
9392
7879
6123
9048
7107
6694
7376
6200
7011
6337
7318
6340
6089
8122
7687
6529
9518
6182
6432
6437
6621
6657
6672
6717
6725
6755
6770
6794
6804
6828
6849
6887
6903
6923
7012
7079
7133
7165
7171
7182
7191
7380
7420
7464
7529
7578
7698
7730
7751
7760
8171
8188
8194
8200
8536
8560
8575
8656
8929
8995
9198
9206
9251
9287
9308
9341
9513
9533
9561
9602
9722
9833
9878
6091
6322
6433
6693
6710
6731
6745
6759
6771
6799
6805
6825
6843
6875
6913
7092
7134
7147
7166
7183
7329
7384
7441
7476
7561
7699
7708
7732
7753
7764
7794
7819
8196
8201
8271
8519
8564
8576
8670
8804
8882
8930
9031
9163
9199
9217
9263
9320
9355
9728
9859
6154
6436
6440
6641
6665
6753
6803
6847
6855
6886
6901
6919
7008
7073
7131
7162
7181
7335
7340
7459
7559
7577
7626
7692
7703
7728
7759
8002
8186
8192
8198
8246
8291
8480
8573
8652
8926
8981
9142
9167
9203
9250
9304
9328
9427
9532
9555
9622
9720
9827
9876
6148
6323
6435
6661
6689
6711
6749
6783
6801
6808
6826
6845
6852
6885
7029
7100
7135
7168
7180
7184
7330
7339
7388
7481
7569
7691
7701
7715
7745
7771
7795
8190
8197
8202
8242
8461
8567
8810
8952
9052
9165
9201
9383
9530
9554
9694
9800
7523
6597
6786
8970
8101
7040
7003
7169
9256
6195
9302
6360
9105
8068
7831
9699
7857
6588
9576
6193
6988
8080
6922
8662
8838
6468
8910
6894
6782
9464
6668
6478
9135
9695
7047
7057
7417
6310
6102
8669
9654
8090
8086
6486
8939
8143
9216
8965
9802
7865
8885
7648
9459
6946
8940
8501
6761
7067
8482
9214
6788
9179
8550
7923
8325
8829
8722
9759
6273
9793
9083
7126
6317
8293
6385
7937
7495
9202
6706
6109
6426
7060
9630
9065
8716
9629
8934
8732
6997
7152
8409
7239
7148
7363
8087
9390
6538
7966
9467
8888
9451
8959
8378
8073
7788
6604
8157
8051
8643
7614
6425
9175
9227
9685
6379
9675
8884
9073
6431
9239
8362
8159
9692
7721
6520
8593
9330
8982
9839
9104
9160
9130
8182
9674
9528
9548
8045
8001
9499
9101
9038
6546
8338
9176
9153
8059
8150
8659
6244
9433
7396
8112
7522
6747
6700
7194
9510
7743
6217
7870
6802
6245
9844
6650
7631
9596
6443
7054
8534
8792
8510
6130
7189
6206
8805
9571
8177
6963
6319
8195
6720
7769
9103
9264
9156
9353
6822
8515
8223
7562
9208
6567
9056
9454
7647
9531
8735
7689
8103
9281
9611
7939
8887
6634
7062
7832
6417
6654
7327
9115
9340
9161
7532
9133
8360
7755
8913
6065
6930
6156
8406
8668
7535
7319
8960
6271
9074
7370
6892
8030
9794
7931
8415
7207
6620
6874
9254
9080
6061
9050
6299
7225
8980
8408
9093
6462
6671
9826
8983
8751
6092
6560
9139
6079
7331
7629
9604
7365
7211
8208
6145
6598
7720
9698
9125
9090
6508
7875
6716
7938
8467
7106
7254
8071
8397
8199
8683
8813
8156
7432
8273
8057
7607
8343
6836
7053
8555
9775
6991
6893
8736
7015
6967
9452
8395
8842
7513
7518
6669
9570
9344
9584
8411
6561
6629
8203
6981
9815
8321
7210
8133
9607
8963
8129
9597
8033
8164
8803
7311
8568
9430
7680
6821
9861
7750
8675
9751
6902
6898
7815
6638
9349
7880
6349
9813
6857
9295
8591
8556
6439
7716
9262
9309
6613
6324
6692
8535
8528
7579
8245
7930
9389
7433
8653
9185
6964
9657
8598
6210
6663
9225
9898
8154
9247
7717
7045
9448
8375
7425
7005
8263
7655
6190
6530
9784
6372
8542
7746
6318
6250
6990
8747
6204
7713
6797
8209
7316
6260
8183
9735
8037
7869
6427
8055
7842
7358
9764
7667
9155
7400
9276
6307
8746
6647
6559
7978
8144
9575
7098
9567
9188
7833
7174
6728
8253
6682
8173
7084
6414
8871
8009
6608
7973
8046
8153
7145
9672
8146
6992
9527
7041
6985
8773
8911
8366
6551
6203
7545
9265
8529
9837
7484
7538
6485
7787
9599
9255
8702
7088
7307
6112
8855
7108
7693
8602
7690
6491
9473
6219
7652
6681
6289
8605
9864
6884
8181
6077
7390
7117
8699
7176
7544
7424
8379
6180
8250
9292
8984
7651
6422
6800
9825
6050
8754
7214
6143
8277
7994
6186
6267
6791
8320
9097
8187
6412
7178
7177
7083
6449
9058
6891
6383
8438
9183
9541
8453
8212
7059
8679
7837
9829
9874
9617
9305
8990
8725
6519
7489
8612
6610
8028
7790
9018
7367
8145
6291
9748
8058
9141
7981
9370
8522
8069
6543
7496
7900
6811
9096
8846
7020
6405
6611
6370
6833
9004
8138
8462
6609
7557
8867
6659
7097
6231
9286
6820
8859
7159
8230
6619
6827
9159
9547
9514
8017
9053
7881
9350
9624
7001
6054
7888
7421
8883
6175
8276
9877
7525
7460
7977
9438
8191
8806
9612
8342
9851
8254
6989
6750
7596
7490
6525
6624
7664
6544
7789
8961
8165
9706
7876
8020
8863
7289
6376
6816
7683
9543
8049
8131
7479
7761
8471
6354
7431
7218
9732
6839
9148
6066
6454
7736
9742
6862
9899
6083
6222
6871
7556
8500
8490
8139
6223
6194
8266
6138
9767
8710
7154
6867
7905
7141
9703
9605
7564
9418
6881
6987
7785
6075
8244
9059
8901
9146
6202
9501
7075
8992
6163
8446
7070
7643
8062
9539
9824
7085
8966
9270
9376
9233
6696
6108
9474
8957
9212
9445
8738
8018
8435
9505
8259
7061
8084
9648
7539
8814
7665
9671
8204
8637
7783
7987
6302
9126
6268
9158
9540
8809
7775
9522
6390
8106
6097
8851
9590
6740
8895
6214
8442
9342
9084
9079
6125
6151
7894
6853
9858
6766
6850
6787
9710
7985
6514
8545
7645
8839
9615
8427
6280
6925
8252
8283
7714
6358
9717
7457
9496
9816
9195
8072
7617
7855
9798
6304
8113
9701
8661
7640
9616
7570
7780
9193
9321
9475
8137
6683
8861
9100
8316
7587
6582
6264
7550
9123
7791
6680
6438
9192
6686
7877
9603
7706
8456
6889
6701
9293
6895
8574
7702
6678
8226
6616
7824
7143
8249
8315
8280
9269
8714
8207
9659
7628
6168
8499
7524
7112
9374
9731
9918
9600
7398
7768
6685
6445
8852
7694
6537
6398
8600
8544
7852
8708
6698
6047
7228
6600
9712
7392
7017
9299
9157
7078
8217
7742
8956
7738
7497
9112
7066
9563
7086
9394
6993
9422
7597
6279
8412
9781
9273
7611
9082
9094
9741
8633
8968
7137
6126
8511
8392
6558
7574
9580
6058
8369
8396
6085
9678
8247
8074
9785
9042
9290
9743
8429
6527
7276
9758
9384
8987
9886
8076
6480
6228
6806
8386
9151
6812
9275
8657
6807
9768
8936
9260
8977
6498
9770
6306
8655
7856
7798
7847
9127
6878
7118
9558
8399
6406
8478
7571
9222
6387
8152
9867
7812
6954
9727
9399
7025
6905
9054
6580
9339
6532
9526
8647
8304
9838
6699
9495
7371
8117
6262
6366
6518
7864
7042
8818
9560
9323
6674
9186
6183
6767
8549
7846
9078
6999
9538
7618
7198
7493
8857
6327
8233
6653
9485
7610
9478
6714
6968
8740
9187
7871
8604
6118
9274
6428
7589
8448
8594
7043
7076
9231
9171
6531
8617
6107
7170
9266
7517
9184
7089
7336
9108
9799
6159
9057
6918
6177
9352
9897
7463
8405
8088
8426
8997
9114
9656
8731
8525
8077
6642
9117
8029
7997
8454
6719
7993
6399
7502
9921
9509
7473
8317
8468
9491
9189
7395
7022
6904
6596
7068
6062
8715
9803
7515
9589
7478
9223
9402
8313
7983
7874
9089
7585
7822
6502
7036
8706
6986
7995
8898
6339
7028
8365
7359
6996
7333
9762
6830
9045
7904
9012
7445
9386
9027
6458
7808
8900
8621
9766
8243
6388
9099
7549
9021
8265
6053
8589
9614
8718
6274
8719
6283
8335
7113
9591
6758
6687
8905
6732
9116
7619
9716
9166
8793
6780
9345
7123
7620
6073
9324
9242
8031
7418
7485
6607
9450
9347
7415
7809
6396
9566
8021
9747
7072
9413
8078
8868
8312
7656
6528
6404
8686
7996
7514
9458
8599
6785
7155
8425
8105
7666
6907
8151
6142
6184
7046
9272
8638
7898
7844
9831
8115
9169
7405
6489
7090
8606
8356
8808
8447
9446
7038
6198
7492
9836
9005
7442
7446
9291
8629
6487
9537
7915
8318
9779
7741
8015
8262
7567
9778
6795
8149
6420
7555
8932
9294
7858
7010
8595
8775
8630
7670
7793
6368
8100
6533
7649
7613
8034
6330
9690
9631
7081
6290
7554
7262
8523
7829
7704
8441
9381
7052
7867
9885
9001
7830
7975
7338
6495
8491
6227
9834
8572
6258
6413
7144
6221
6237
6637
9552
7146
9391
8348
9684
9658
6226
9191
7719
7974
8728
9190
9111
6798
6185
7818
9397
8832
6172
6644
9432
6873
6166
8185
9284
7140
7758
7190
9209
6856
6690
6718
8011
8189
6181
9200
8841
9181
6738
9348
7406
6677
7447
8817
6762
9875
9174
7410
7027
8742
9832
9853
9846
7009
8975
9318
8127
6573
6504
6490
7984
6562
9865
6505
7534
8431
8003
8847
8752
6589
9178
6377
9071
7048
9901
9486
8083
7044
9468
6355
8413
6124
9819
8721
8784
8539
6882
8193
7707
6153
9587
7653
8333
7434
9008
6688
8756
6295
6764
9750
6814
6100
9595
7453
8075
6292
9110
8303
8061
8082
6418
8005
6170
7488
9673
7840
6722
6628
7533
8563
7006
8551
7158
6707
6851
7132
6775
9586
6255
8298
7566
8611
9534
9317
8853
6144
8385
9416
6617
9417
6263
8684
7889
8309
8663
9721
7752
9752
9507
6384
7352
6391
9081
6269
8107
6147
8962
8391
8513
8297
9241
9610
8526
8619
7160
6784
8741
9022
7576
6042
7986
6249
8837
6236
6078
6395
9756
7037
9398
9244
7366
6320
7681
8681
6837
9670
6727
6554
6408
7505
8772
7727
7369
9088
8517
7491
6064
6246
7633
9772
8179
8797
8123
7891
9621
9280
6342
6865
9686
7419
8222
6315
9235
7796
8381
8873
7438
9856
9424
6488
9583
9683
9129
7848
7452
8753
6768
9497
8988
6095
7386
9676
8403
6121
8388
6179
6335
9503
7773
7582
7055
8377
8070
7684
9782
8644
7507
6209
6309
6899
9371
8214
8795
7849
7138
7422
8607
8623
8577
8631
7206
7511
8481
6409
8108
8869
8229
9219
8928
7355
9817
8553
8613
9487
6460
8676
8562
8407
8739
7878
8650
6257
7034
8798
6321
9906
8690
9145
6110
9821
6176
8816
8833
8096
7671
6381
6550
9818
7527
8580
8140
8234
8648
6779
7188
6817
6402
7468
7575
9788
6603
8660
7890
6332
6459
6602
7754
8221
7725
9500
6389
6146
9221
6623
7654
6666
7520
9801
8737
7536
9873
6838
7391
8292
8492
6086
9577
8286
7868
9905
8597
8306
8757
7471
6832
6326
6139
6365
8402
9246
6548
8822
8677
8390
6723
7826
9679
7373
8666
8696
8674
8056
7477
8404
8235
8066
6099
9613
8163
7543
7215
8118
6446
9697
8019
9845
8532
8219
8450
6756
9757
9017
8914
9608
6471
6071
7458
7615
9888
9857
7588
8479
9559
7836
9087
8007
8635
8269
6463
9236
8794
7828
6308
9469
9849
9693
6574
7802
8624
6739
8585
7637
6101
8713
8774
7498
7682
8398
7058
8948
9840
8949
9457
7004
6695
7560
9113
8587
6129
7026
6157
7862
6679
9863
8548
9763
9592
6569
8554
6048
8419
6640
9234
8489
8749
8651
6348
7820
6906
7946
7341
8709
9506
6587
7387
9733
7427
9724
9449
7705
7546
7625
7586
8825
7821
6651
8744
7423
8505
6114
8512
7781
8032
8289
8172
7710
8786
6709
7519
8167
8436
8224
8761
9075
8864
7542
9620
6043
8745
8533
7838
9461
8682
9307
7035
8506
8218
8387
9490
9346
7989
9025
7439
6152
8457
8570
7627
6741
7696
9729
6506
8322
6325
6242
7782
8695
6191
7351
8311
9704
8496
9092
8455
7806
8730
7016
9869
9421
6915
8559
8618
7091
6697
6614
9574
7772
6819
8255
7860
6067
9463
7375
8671
8444
6606
9689
9516
8947
7383
8067
7031
8350
6835
6275
6479
7709
8849
8801
6045
9207
9400
6858
8518
8004
9644
7435
8372
6421
8485
7553
8724
8344
7792
8764
9680
8558
9437
8389
8239
9462
6341
8766
6197
8516
8092
8502
9023
6448
7685
8986
7397
6860
8768
6088
9455
8288
8027
6563
9564
9121
8625
9395
8035
7765
9789
9429
8759
8346
6128
8012
7348
8476
6419
9691
6730
7600
6557
6375
7777
8906
8927
7127
9847
8307
7153
6174
6243
8743
8985
8341
9895
7784
8349
9744
9379
9593
8603
6670
7766
8836
7362
6541
9737
9908
6207
8294
6286
7167
9465
6924
9091
9623
9177
6864
9870
7353
7192
7082
9298
9777
7080
9426
9808
6311
9562
7866
6763
7551
6646
7813
9327
9529
7399
7657
7799
8120
8095
6444
8026
8821
7883
7581
9367
6333
7071
8044
6622
6351
7612
6423
7646
7024
6297
8812
8347
8993
6415
6103
7411
6584
7603
6549
6407
9128
8707
8723
6553
6063
8689
8334
6278
8063
6082
8826
8755
8238
7853
6416
8694
8845
8328
9312
8917
7486
6134
8010
6239
9553
8712
7139
8232
7372
7499
6447
7583
8382
6751
9632
6470
6656
8299
8374
8610
7604
6224
8477
7503
7641
7428
6277
6429
6116
8054
9669
6909
8469
8622
9481
7593
8162
8024
8459
6276
6516
6612
9229
8777
9408
9572
8507
7361
6187
8300
9796
9814
8727
9375
7449
7686
6748
6499
8417
8504
8401
8503
8628
8464
9226
6523
7021
6373
7472
6810
8848
6496
8933
8359
9525
8065
8866
9444
9638
6137
8213
6235
7456
9754
6535
9854
6403
8336
8114
8950
7642
9512
9805
7402
7955
6792
7672
6521
6234
7454
7510
7622
6824
6503
7125
7608
7662
9316
9734
7735
8326
9431
8126
7718
7980
6424
9361
9889
9835
7469
6115
8827
6591
9850
8601
9730
8860
8865
6158
9745
7971
6084
6196
6288
7892
8006
8765
8609
7116
6757
8337
6500
8561
7049
9288
8264
6434
8608
8400
9296
7963
8440
8646
9660
6225
6161
9549
7494
9035
7013
9248
8762
9197
6501
9180
8854
9483
6846
7474
7598
7661
8279
6536
7601
9806
8828
6367
9665
9556
8870
7552
6524
8160
8093
8339
9812
8531
9118
6513
6316
6815
9245
9303
8578
6240
8241
9809
6579
7185
7450
9862
9880
6305
9914
6912
8251
7039
6691
6353
8231
8463
6216
6829
8530
7393
6570
6455
9753
7734
6044
9884
8098
7979
7756
9230
9871
7526
9904
8079
6676
6497
9360
8423
8130
9366
8141
9259
8205
8639
9359
6675
6312
6241
7998
9663
6509
8807
9403
7810
6094
6595
7660
7749
6473
8013
9257
9134
9892
9472
8872
7988
9804
9715
9137
8493
9792
9915
9569
7500
8750
6314
7350
9810
9646
7528
9893
6726
6467
9436
6294
6256
6911
6914
9456
6451
8569
8393
9095
8588
9372
6049
8778
8361
6265
7065
8443
7630
7605
7663
8014
7032
6515
6482
9149
8964
7850
9568
8856
7740
8538
6866
6461
6870
7019
9410
8546
8371
8016
6581
6475
7762
6872
6119
8168
8022
6266
9749
8667
8781
8472
9736
6655
8973
7779
6192
9492
7896
8383
9894
9797
9776
6844
7942
8135
6364
7591
6247
8834
7744
6729
8227
6796
6708
9855
6484
8418
6774
6380
8236
7774
6281
9582
6313
9738
8787
6840
9085
6472
6585
8206
8216
6877
8142
8228
9211
8258
9811
9030
8023
8060
7475
8357
6251
7624
7408
7448
9357
9828
7639
7592
6492
9425
6813
6230
8225
7541
9535
9326
8989
6743
8278
7521
9677
7804
9618
7839
8119
7695
6469
6211
9769
9687
6848
9598
6343
6171
8380
9036
7482
6369
6060
6773
6673
6565
9726
9285
7379
6601
9872
7443
9551
6547
7334
9668
7859
6555
6205
7635
7976
6457
8458
6248
6542
8640
6452
8886
9220
8345
9315
6450
7590
8780
9645
8705
6879
6453
8094
8687
6296
6397
7531
8430
6522
8823
6897
8879
8799
6526
6742
8685
8976
6055
6096
9681
6282
6059
7825
7467
8064
6662
6648
9414
6362
7470
7444
8874
6649
8758
7650
8951
9215
9883
7967
7999
9664
8268
8726
7841
7957
9435
7947
8998
8494
8287
9138
8445
6350
9688
7757
8351
9641
9588
9774
7827
8134
7797
9020
9409
7959
8850
6736
7863
8498
6052
6464
7455
7033
9917
8449
6466
9860
8495
7151
6920
8091
7193
7712
9866
7487
8925
8136
8451
7674
9102
8840
9404
8958
6481
8996
9795
8376
6392
6213
8858
8691
8954
9912
9003
7811
7512
8432
9406
6218
8420
6859
7357
8470
7854
8524
6329
6131
8614
7941
8878
7332
9271
9910
8922
6735
6127
9363
7606
6900
8428
6104
6132
8967
6212
6643
8999
9297
6863
9460
6869
9890
7951
8008
8497
8520
8121
9633
9682
6510
6917
7530
9902
9152
8364
7943
6721
6111
8025
9405
8085
9365
6272
7602
7563
6199
7506
7739
7835
8521
6667
7676
6577
7952
8310
7949
8433
7508
9258
9879
7195
7621
9909
6456
7945
9740
8509
6793
8124
8692
7461
6724
6702
7950
8384
8486
7347
7960
6910
9373
6474
8394
9634
9162
6778
7501
8270
7403
7958
6293
7964
9739
8800
9411
6411
8673
9210
6442
8540
8720
8586
7956
9911
8437
8422
9639
6259
7834
8508
9661
9362
9791
8875
8424
9746
6165
6232
9662
6105
8237
7356
6208
8352
9637
7349
6769
7961
9913
7962
8937
7345
9635
9848
8488
7944
7948
8358
8627
8125
9666
7346
7343
9015
7130
6556
9026
9364
7965
8946
8487
9667
8434
6539
6507
8353
8770
6141
7401
9412
6430
7723
7700
7968
7953
8788
7409
7558
8615
8421
7748
8354
7595
6583
9544
8779
7970
9536
9636
9013
8340
9240
9545
7800
7599
6106
8355
9771
9014
8527
8790
6220
9916
8789
9546
8771
9565
7504
7344
7729
6841
